"ID_plot"	"ID_pine"	"N_pine"	"X_UTM"	"Y_UTM"	"Latitude"	"Longitude"	"Altitude"	"DBH"	"DB"	"Height"	"Met1"	"Met2"	"Met3"	"Met4"	"Met5"	"Ext_light"	"Ind_light"	"Light_ratio"
1	"101"	1	376705	4641315	41.91414401	1.513240971	840.932129	15.55	41.44	1.55	15	10	13	11	15	266.2	88.57	33.27
1	"102"	2	376701	4641312	41.91413596	1.513210963	839.623474	18.5	51	1.72	22	20	21	11	16	346.2	231.4	66.84
1	"103"	3	376700	4641297	41.91400504	1.513201995	843.155273	35.8	85.94366927	2.7	32	33	42	20	22	NA	NA	NA
1	"104"	4	376702	4641295	41.91398802	1.51321901	843.596375	13.5	44.9	1.6	14	24	21	18	20	133.7	78.9	59.01
1	"105"	5	376690	4641295	41.91398702	1.513172993	842.424316	45	87	2.47	28	30	22	16	16	123.7	137.76	111.37
1	"106"	6	376703	4641290	41.91394301	1.513246	846.873962	30	61.3	2.2	26	36	25	13	20	356.2	249.1	69.93
1	"107"	7	376715	4641290	41.91394502	1.513384972	852.161255	20	62.5	2	27	31	28	17	15	141.2	146.06	103.44
1	"108"	8	376719	4641291	41.913956	1.513436018	853.441833	29	65	2.48	30	37	30	12	17	251.2	139.36	55.48
1	"109"	9	376695	4641267	41.91373296	1.513152961	854.081238	29	63	2.3	38	34	31	14	16	116.2	140.89	121.25
1	"110"	10	376671	4641235	41.913437	1.512864036	859.287598	27	49	2.09	33	25	31	12	13	88.7	72.93	82.22
1	"111"	11	376704	4641255	41.91362198	1.513265027	845.740417	18	46	1.95	17	43	36	12	16	333.7	158.15	47.39
1	"112"	12	376704	4641275	41.91380999	1.513259998	844.437744	28.3	64	2.3	43	31	28	14	12	NA	NA	NA
1	"113"	13	376721	4641301	41.91404401	1.513456972	843.454834	20.5	73	1.96	26	30	28	17	18	251.2	245.1	97.57
1	"114"	14	376724	4641307	41.91409799	1.513491003	843.663574	45	85	2.6	30	42	33	25	27	NA	NA	NA
1	"115"	15	376744	4641298	41.91402297	1.513728965	853.564453	10	48	1.7	21	28	37	10	13	271.2	168.67	62.19
1	"116"	16	376745	4641294	41.91398601	1.513750004	856.431274	19	48	1.85	14	14	17	12	9	328.7	99.84	30.37
1	"117"	17	376719	4641320	41.914215	1.513429983	845.090393	25.5	75	2.09	32	35	29	17	20	253.7	267.7	105.52
1	"118"	18	376726	4641325	41.91425901	1.513507012	846.091858	22	60	1.98	33	38	39	15	13	271.2	291.6	107.52
1	"119"	19	376728	4641346	41.91445003	1.513537019	842.339783	36	78	2.42	30	29	20	11	13	NA	NA	NA
1	"120"	20	376725	4641360	41.91457199	1.513491003	839.501892	13	53	1.58	28	28	25	9	9	428.7	480.2	112.01
1	"121"	21	376751	4641306	41.91409699	1.513822004	855.591003	24	62	1.73	30	34	35	10	20	383.7	350.3	91.3
1	"122"	22	376736	4641285	41.91390303	1.513641039	857.747131	20	62	1.83	30	35	31	9	14	186.2	144.72	77.72
1	"123"	23	376688	4641270	41.91375702	1.513067968	856.370483	NA	28	0.98	39	17	27	2	3	88.7	89.16	100.52
1	"124"	24	376701	4641274	41.91379298	1.513224961	844.202576	NA	43	1.27	32	20	17	6	9	311.2	264	84.83
1	"125"	25	376709	4641282	41.91387101	1.513321018	845.299133	NA	32	1.19	30	26	20	10	12	283.7	290.2	102.29
1	"126"	26	376715	4641294	41.91398199	1.513382038	835.517273	NA	13	0.8	20	14	15	5	7	93.7	80.05	85.43
1	"127"	27	376690	4641265	41.91371603	1.513088001	843.412537	10	34	1.56	40	35	13	10	1	76.2	54.43	71.43
1	"128"	28	376690	4641269	41.91374696	1.513090013	842.495667	NA	29	1.01	33	22	16	6	3	93.7	63.84	68.13
1	"129"	29	376694	4641282	41.91386598	1.513134018	842.862915	NA	32	1.18	39	19	12	12	8	173.7	118	67.93
1	"130"	30	376696	4641288	41.91392499	1.513156984	844.443054	NA	27	1	20	11	9	3	14	211.2	236	111.74
1	"131"	31	376746	4641328	41.91429304	1.513756961	850.46228	NA	33	1.27	35	21	15	10	12	383.7	307.5	80.14
2	"201"	1	380449	4639383	41.89734299	1.558788987	781.101379	12.3	46.7	1.6	27	23	16	13	18	316.2	243.3	76.94
2	"202"	2	380432	4639421	41.89768497	1.558567034	804.084229	22	57.5	2.06	32	27	33	13	26	308.7	310.7	100.65
2	"203"	3	380431	4639420	41.89768103	1.558558987	807.706116	NA	20	0.9	15	9	17	10	47	301.2	157.54	52.3
2	"204"	4	380420	4639416	41.89763904	1.558430996	808.547119	11	36.5	1.41	23	22	20	12	9	281.2	182.85	65.02
2	"205"	5	380420	4639414	41.89762504	1.558427978	810.468079	16	45	1.7	30	33	24	8	14	276.2	208.1	75.34
2	"206"	6	380424	4639413	41.89761699	1.558481036	811.276672	13	46	1.92	39	34	33	16	13	283.7	292.9	103.24
2	"207"	7	380418	4639404	41.89753099	1.558407024	811.115479	13	53	1.86	31	32	27	14	11	258.7	155.8	60.22
2	"208"	8	380440	4639399	41.89749202	1.558673987	810.854187	7	30	1.37	26	27	22	13	5	211.2	87.73	41.54
2	"209"	9	380425	4639401	41.897504	1.558496961	812.658569	NA	31	1.02	24	18	17	13	9	248.7	182.36	73.33
2	"210"	10	380420	4639391	41.89741499	1.558428984	813.395813	NA	19	1.22	22	18	13	6	8	241.2	207.9	86.19
2	"211"	11	380396	4639391	41.89740703	1.558149029	815.940369	NA	59	1.3	20	10	10	9	17	198.7	196.76	99.02
2	"212"	12	380434	4639392	41.89742404	1.558599975	818.445251	11.76	33.5	1.78	34	26	29	12	13	228.7	148.99	65.15
2	"213"	13	380400	4639375	41.89726998	1.558200996	822.099609	21	50	2.08	38	35	34	15	18	211.2	208.9	98.91
2	"214"	14	380377	4639374	41.89725397	1.557914	826.713074	NA	20	0.85	18	8	13	7	NA	188.7	112.1	59.41
2	"215"	15	380403	4639398	41.89747903	1.558229998	826.187256	9.2	45.4	1.53	34	23	18	7	7	183.7	164.4	89.49
2	"216"	16	380397	4639423	41.89770198	1.558146011	829.458435	14	56	1.62	30	25	24	13	12	188.7	148.69	78.8
2	"217"	17	380399	4639423	41.89770299	1.558170989	825.418335	7.4	47	1.39	30	8	23	12	9	233.7	239.2	102.35
2	"218"	18	380413	4639364	41.89717099	1.558361007	799.057068	7.5	49	1.35	30	20	13	7	7	176.2	110.27	62.58
2	"219"	19	380409	4639390	41.89739998	1.558307027	801.81189	NA	25	1	20	15	16	5	10	213.7	83.31	38.98
2	"220"	20	380412	4639422	41.89769402	1.558333011	804.023499	8	23.5	1.42	30	24	20	8	12	271.2	184.54	68.05
3	"301"	1	375498	4642278	41.92264804	1.498512039	856.140625	NA	26.5	1.29	30	31	26	9	9	243.7	259	106.28
3	"302"	2	375506	4642289	41.92274996	1.498607006	855.963562	NA	10	0.83	23	13	17	NA	NA	233.7	90.59	38.76
3	"303"	3	375505	4642290	41.922757	1.49859502	858.589722	NA	35	1.32	28	21	27	10	17	241.2	80.02	33.18
3	"304"	4	375499	4642316	41.922986	1.498512961	857.974365	NA	39	1.1	26	7	28	10	19	253.7	198.99	78.44
3	"305"	5	375497	4642317	41.92299999	1.49848396	857.522705	NA	17	1.27	20	24	28	10	9	256.2	66.33	25.89
3	"306"	6	375509	4642316	41.92299102	1.498637013	857.4776	8	33	1.42	26	28	28	10	12	361.2	315.7	87.4
3	"307"	7	375522	4642320	41.92302899	1.498794006	861.359192	16	41	1.99	35	31	26	15	12	291.2	110.93	38.09
3	"308"	8	375525	4642300	41.92284702	1.498827031	859.163391	NA	37	1.24	16	11	10	1	18	338.7	332.2	98.08
3	"309"	9	375520	4642383	41.92359804	1.49875503	860.431702	14	58	1.8	29	27	26	10	10	148.7	101.53	68.28
3	"310"	10	375530	4642363	41.923419	1.49888101	858.370728	NA	23	1.1	18	17	18	7	10	131.2	48.53	36.99
3	"311"	11	375497	4642328	41.92309496	1.498488989	860.455505	14	38	1.88	25	25	23	10	7	131.2	40.27	30.69
3	"312"	12	375502	4642336	41.923173	1.498546991	860.762024	13.5	48	1.9	40	35	37	9	10	133.7	113.72	85.06
3	"313"	13	375508	4642339	41.92319504	1.49861698	862.048828	NA	19	1.08	28	16	13	6	9	338.7	43.53	12.85
3	"314"	14	375514	4642331	41.92312497	1.498695016	862.476868	NA	29.5	1.35	24	22	26	7	18	323.7	55.32	17.09
3	"315"	15	375535	4642297	41.92282598	1.49894597	863.074036	NA	39	1.3	28	29	30	9	12	311.2	293.6	94.34
3	"316"	16	375539	4642299	41.92284099	1.498998022	863.240479	10	49	1.54	29	20	17	5	7	288.7	254.6	88.19
3	"317"	17	375529	4642295	41.92280796	1.498884028	864.419006	NA	28	1.02	25	20	15	6	6	201.2	152.33	75.71
3	"318"	18	375532	4642290	41.92276002	1.498910012	865.404541	NA	28	1.28	20	22	19	11	10	233.7	179.4	76.77
3	"319"	19	375539	4642290	41.92276597	1.498998022	866.391235	NA	33.5	1.08	31	10	9	8	4	261.2	202.8	77.64
3	"320"	20	375527	4642290	41.92276002	1.498855026	866.34259	NA	24	1.1	30	22	19	7	7	216.2	167.47	77.46
4	"401"	1	378441	4640526	41.90732902	1.534353979	853.170654	14	50	1.84	35	33	24	6	15	86.2	60.49	70.17
4	"402"	2	378478	4640505	41.90714696	1.534796963	854.874939	NA	49	1.12	33	17	12	3	15	83.7	56.19	67.13
4	"403"	3	378499	4640498	41.90708603	1.535055041	823.880493	11	39	1.9	46	30	32	17	13	83.7	52.29	62.47
4	"404"	4	378501	4640495	41.907066	1.535082031	824.955933	6	22	1.44	31	34	22	9	10	83.7	30.46	36.39
4	"405"	5	378489	4640526	41.90734302	1.534924032	821.28717	7	36	1.42	28	25	20	7	14	81.2	64.17	79.03
4	"406"	6	378496	4640529	41.907369	1.535014976	820.611938	9	22	1.55	22	25	15	9	19	81.2	29.99	36.93
4	"407"	7	378509	4640548	41.90753999	1.535169035	819.60791	NA	17	1.23	24	14	14	7	10	81.2	22.13	27.25
4	"408"	8	378500	4640551	41.90756799	1.535051018	818.04364	NA	22	1.05	22	19	9	3	9	81.2	41.91	51.61
4	"409"	9	378499	4640550	41.907556	1.535049006	822.842102	10	21	1.58	19	26	16	9	12	83.7	17.34	20.72
4	"410"	10	378487	4640550	41.90755801	1.534895031	821.455505	NA	22	1.3	20	12	13	12	12	83.7	15.4	18.4
4	"411"	11	378571	4640482	41.90695703	1.535926005	835.467102	8	32	1.5	33	29	26	10	11	88.7	28.75	32.41
4	"412"	12	378566	4640494	41.90706097	1.535868002	827.822876	6	17	1.74	28	20	24	14	19	88.7	13.91	15.68
4	"413"	13	378430	4640583	41.90784501	1.534208972	820.82074	NA	18	1.01	17	14	6	6	10	86.2	38.29	44.42
4	"414"	14	378480	4640605	41.90805296	1.534804003	811.17627	9	25	1.65	45	29	24	10	10	78.7	33.86	43.02
4	"415"	15	378559	4640596	41.90797702	1.535753002	811.723206	NA	23	0.96	33	21	12	5	12	73.7	57.9	78.56
4	"416"	16	378588	4640596	41.90798197	1.536104036	817.40863	NA	38	1.09	23	17	9	1	3	68.7	67.76	98.63
4	"417"	17	378612	4640595	41.90797803	1.536402013	818.347473	20	59	1.99	39	40	28	9	20	68.7	73.03	106.3
4	"418"	18	378626	4640576	41.90781299	1.536571998	815.63385	14	49	1.77	27	26	14	5	9	66.2	24.93	37.66
4	"419"	19	378622	4640577	41.90781701	1.536519025	814.384033	NA	37	0.98	21	10	14	1	5	66.2	49.21	74.34
4	"420"	20	378626	4640545	41.90753496	1.536570992	815.987915	7	17	1.43	33	22	20	10	14	66.2	41.3	62.39
4	"421"	21	378640	4640541	41.907499	1.536741983	814.188477	9	37	1.59	33	33	27	11	17	66.2	33.92	51.24
4	"422"	22	378614	4640566	41.90772104	1.536422968	816.989319	19	52	1.65	38	29	24	4	11	63.7	60.91	95.62
4	"423"	23	378577	4640567	41.90772297	1.535983002	816.75946	8	32	1.44	23	15	20	10	9	58.7	39.8	67.8
4	"424"	24	378594	4640584	41.907873	1.536181988	817.267212	10	42	1.4	43	23	16	5	9	48.7	18.96	38.93
5	"501"	1	383739	4628628	41.80099301	1.600546036	670.898132	21	60	2	42	26	28	20	21	358.7	264.4	73.71
5	"502"	2	383719	4628643	41.80112796	1.600310002	670.097534	8	35	1.47	37	11	23	11	13	373.7	148.87	39.84
5	"503"	3	383714	4628652	41.80120599	1.60024697	737.976074	10	38	1.62	40	13	24	14	21	381.2	248.8	65.27
5	"504"	4	383705	4628664	41.80131496	1.600133982	735.505493	NA	60	1.35	35	11	9	4	5	453.7	435.1	95.9
5	"505"	5	383709	4628659	41.80127297	1.60018201	737.186035	NA	20	0.99	27	11	15	10	9	431.2	243.3	56.42
5	"506"	6	383710	4628622	41.80093903	1.60020397	743.208984	NA	24	0.83	21	8	5	6	7	256.2	64.71	25.26
5	"507"	7	383699	4628641	41.80110499	1.600061981	736.594116	17	53	1.89	53	30	24	12	10	263.7	268.1	101.67
5	"508"	8	383692	4628647	41.80116501	1.599981012	736.792297	10	40	1.45	43	23	18	9	10	263.7	257.6	97.69
5	"509"	9	383700	4628658	41.80125704	1.600069022	735.579468	9	45	1.67	30	16	20	21	16	443.7	427.1	96.26
5	"510"	10	383693	4628670	41.80137003	1.599991992	732.401489	NA	30	1.4	43	9	17	5	13	316.2	280.3	88.65
5	"511"	11	383693	4628673	41.80139199	1.59998998	734.147339	NA	21	0.86	24	14	14	4	5	423.7	366.5	86.5
5	"512"	12	383682	4628667	41.801336	1.599859977	732.184082	NA	30	1.25	44	17	15	10	5	296.2	224.6	75.83
5	"513"	13	383682	4628676	41.801422	1.599831982	733.090393	8	31	1.4	39	18	21	13	10	233.7	130.53	55.85
5	"514"	14	383670	4628672	41.80138503	1.599707007	733.971191	8	22	1.35	37	13	14	10	13	318.7	85.59	26.86
5	"515"	15	383661	4628667	41.80133399	1.599599971	733.037598	6	20	1.45	28	18	24	14	15	296.2	59.34	20.03
5	"516"	16	383686	4628662	41.80129903	1.599907	736.956116	NA	16	0.82	20	11	13	4	12	343.7	249.2	72.51
5	"517"	17	383674	4628661	41.80128302	1.599756042	735.965271	NA	25	1.27	40	18	20	9	12	331.2	257.9	77.87
5	"518"	18	383669	4628640	41.80109804	1.59970399	742.000305	10	53	1.75	43	26	27	17	14	258.7	246.2	95.17
5	"519"	19	383687	4628645	41.80113902	1.599914962	744.19342	8	54	1.46	36	11	9	17	14	258.7	233.9	90.41
5	"520"	20	383708	4628639	41.80109301	1.600173963	745.90564	NA	12	0.7	10	3	11	4	7	251.2	95.59	38.05
6	"601"	1	379680	4629955	41.81233901	1.551431017	660.830933	12	32	1.85	29	26	25	10	20	141.2	112.81	79.89
6	"602"	2	379671	4629957	41.812352	1.551320963	675.548645	16	30	1.74	40	15	31	8	14	123.7	93.13	75.29
6	"603"	3	379669	4629947	41.81226701	1.551308976	677.591125	NA	21	1.07	16	19	15	6	11	128.7	97.1	75.45
6	"604"	4	379674	4629935	41.81215896	1.551369997	680.64563	5	28	1.34	26	20	20	9	10	161.2	140.68	87.27
6	"605"	5	379679	4629932	41.81213499	1.551424982	680.278931	27	58	2.3	50	30	25	15	20	233.7	189.73	81.19
6	"606"	6	379648	4629941	41.81221001	1.551051987	654.602966	9	27	1.44	28	22	28	13	12	131.2	67.44	51.4
6	"607"	7	379645	4629943	41.81222501	1.551014017	676.640808	19	39	2.15	33	38	38	16	34	281.2	120.76	42.94
6	"608"	8	379633	4629934	41.81214496	1.550877979	672.273438	15	24	1.96	38	36	32	8	7	161.2	86.95	53.94
6	"609"	9	379626	4629923	41.81204698	1.550790975	669.064331	18	36	1.8	28	27	33	16	28	303.7	167.14	55.03
6	"610"	10	379694	4629908	41.811921	1.551610976	665.090332	9	22	1.38	15	18	29	11	16	301.2	224.7	74.6
6	"611"	11	379667	4629925	41.812064	1.551279975	688.192139	NA	22	1.2	6	10	19	9	16	291.2	150.87	51.81
6	"612"	12	379713	4629880	41.81166803	1.551841982	694.578613	NA	37	1.33	16	9	21	15	15	388.7	325	83.61
6	"613"	13	379744	4629853	41.81142999	1.552220006	674.380737	13	48	1.69	27	14	15	16	16	318.7	244.6	76.75
6	"614"	14	379693	4629890	41.81175403	1.551607037	689.357361	19	50	2.41	46	41	32	16	18	481.2	453.9	94.33
6	"615"	15	379658	4629827	41.81158497	1.551182996	694.658752	11	34	1.61	34	25	27	18	5	333.7	299.7	89.81
7	"701"	1	384615	4634254	41.85177896	1.609995961	581.672302	9	32	1.34	36	12	10	4	5	348.7	270.3	77.52
7	"702"	2	384623	4634257	41.85180997	1.610085983	578.583435	NA	30	1.19	33	18	14	10	8	353.7	149.08	42.15
7	"703"	3	384626	4634259	41.85182598	1.610129988	580.617371	15	40	1.9	54	27	20	11	10	363.7	310.9	85.48
7	"704"	4	384633	4634267	41.85190201	1.610211963	556.718201	18	56	1.9	47	18	18	17	16	401.2	392.3	97.78
7	"705"	5	384638	4634255	41.85179103	1.610270971	581.41333	NA	20	0.87	22	11	9	5	8	411.2	161.3	39.23
7	"706"	6	384650	4634251	41.85176496	1.610412961	579.4422	9	27	1.5	23	9	12	6	17	416.2	281.2	67.56
7	"707"	7	384603	4634246	41.85170998	1.609848021	590.154114	15	53	1.78	31	27	20	9	6	396.2	329.2	83.09
7	"708"	8	384596	4634241	41.85166203	1.609762022	596.305481	NA	29	1.26	32	14	12	18	16	383.7	251.6	65.57
7	"709"	9	384583	4634271	41.85193202	1.609609975	588.999451	NA	21	0.94	29	17	18	6	6	376.2	214.2	56.94
7	"710"	10	384598	4634271	41.85193	1.609780965	587.070618	7	28	1.36	27	13	13	9	8	373.7	291.6	78.03
7	"711"	11	384595	4634269	41.851915	1.60975297	585.131104	NA	23	1.08	34	20	16	10	9	376.2	262.8	69.86
7	"712"	12	384590	4634273	41.85195096	1.609690022	585.257935	10	37	1.74	38	13	9	8	9	383.7	235.3	61.32
7	"713"	13	384589	4634276	41.85197703	1.609679963	586.670654	NA	27	1	24	10	6	4	8	436.2	213.5	48.95
7	"714"	14	384570	4634258	41.85180997	1.609448958	552.823425	15	52	1.64	23	12	18	9	13	393.7	229.9	58.39
7	"715"	15	384551	4634278	41.85198599	1.609217031	552.955566	6	30	1.47	32	17	18	9	12	593.7	440	74.11
7	"716"	16	384548	4634278	41.85199102	1.609176965	553.462891	12	46	1.82	40	20	11	11	12	508.7	86.46	17
7	"717"	17	384539	4634292	41.85211399	1.609070012	552.588257	16	45	2.1	61	20	22	17	14	461.2	71.76	15.56
7	"718"	18	384524	4634301	41.85219596	1.608890975	556.303406	NA	23	1.1	20	11	7	7	7	438.7	205.4	46.82
7	"719"	19	384510	4634311	41.85228498	1.608723002	556.683899	7	26	1.39	33	25	24	12	14	408.7	254.5	62.27
7	"720"	20	384505	4634312	41.852289	1.608657036	587.493347	11	30	1.61	35	19	15	8	7	428.7	91.76	21.4
7	"721"	21	384481	4634312	41.85228598	1.60837004	585.979248	NA	39	1.23	29	14	12	5	5	406.2	328	80.75
7	"722"	22	384492	4634331	41.85245496	1.60849602	581.381653	11	46	1.8	35	16	16	9	14	393.7	402.9	102.34
7	"723"	23	384497	4634326	41.85241196	1.608560979	580.187317	NA	27	1.15	22	14	12	9	6	386.2	314.4	81.41
7	"724"	24	384473	4634337	41.85251196	1.608264009	581.519043	9	43	1.5	38	17	16	6	9	416.2	322	77.37
8	"801"	1	382412	4630514	NA	NA	NA	7	37	1.34	27	15	19	7	7	221.2	135.28	61.16
8	"802"	2	382410	4630510	41.817746	1.584178023	638.952209	9	26	1.45	38	19	18	5	7	218.7	189.62	86.7
8	"803"	3	382421	4630507	41.81772597	1.584314983	639.568176	8	31	1.75	40	16	23	9	11	206.2	132.34	64.18
8	"804"	4	382415	4630505	41.81769999	1.584248012	638.749023	12	25	1.77	44	26	25	28	24	248.7	145.59	58.54
8	"805"	5	382412	4630495	41.81761399	1.584206019	641.72168	9	24	1.54	44	21	14	8	9	213.7	147.44	68.99
8	"806"	6	382428	4630491	41.81757702	1.584399976	642.849915	11	26	1.42	33	20	19	8	8	216.2	174.64	80.78
8	"807"	7	382444	4630496	41.81762396	1.584595023	644.628174	NA	26	1.05	38	11	14	5	9	163.7	147.32	89.99
8	"808"	8	382450	4630502	41.81768096	1.584668029	642.218384	NA	22	0.8	20	10	12	6	6	161.2	196.43	121.85
8	"809"	9	382466	4630506	41.81772002	1.584852012	643.357239	17	33	1.75	30	16	13	9	14	196.2	182.81	93.18
8	"810"	10	382470	4630509	41.817746	1.584909009	642.186707	NA	47	1.3	44	18	11	2	3	186.2	244	131.04
8	"811"	11	382467	4630514	41.81778699	1.584863998	639.916931	NA	49	1.3	40	22	13	10	8	171.2	188.63	110.18
8	"812"	12	382425	4630474	41.81742598	1.584366029	646.556824	8	33	1.33	33	14	15	5	7	233.7	406	173.73
8	"813"	13	382412	4630464	41.81733504	1.584221022	648.253479	7	29	1.4	34	12	10	3	9	328.7	149.3	45.42
8	"814"	14	382409	4630457	41.81726798	1.584178023	649.229309	26	62	1.9	46	14	15	5	9	366.2	271.9	74.25
8	"815"	15	382406	4630461	41.81730797	1.584141981	649.610535	7	22	1.35	37	17	20	9	5	388.7	269.1	69.23
8	"816"	16	382397	4630459	41.81729003	1.584037039	649.497986	NA	14	0.88	14	18	8	10	10	373.7	175.01	46.83
8	"817"	17	382391	4630454	41.81723898	1.583966967	651.424255	NA	17	0.9	17	8	16	6	11	406.2	142.06	34.97
8	"818"	18	382461	4630463	41.81733001	1.584807001	650.872009	NA	26	0.9	20	6	3	4	5	406.2	468.7	115.39
8	"819"	19	382439	4630477	41.81745599	1.584540959	648.779297	9	36	1.4	35	17	16	5	12	186.2	248	133.19
8	"820"	20	382464	4630508	41.81774097	1.584833991	643.885681	8	37	1.35	35	17	19	13	9	176.2	228.2	129.51
8	"821"	21	382456	4630518	41.81782597	1.584731983	587.974243	11.5	41	1.78	58	29	20	10	10	163.7	232.3	141.91
8	"822"	22	382453	4630521	41.81785497	1.584698036	635.33783	8	55	1.61	45	13	9	10	20	406.2	482.8	118.86
8	"823"	23	382445	4630546	41.81808002	1.584594017	632.741638	22	49	1.98	44	20	22	10	13	391.2	468.7	119.81
8	"824"	24	382465	4630535	41.817976	1.584842959	634.204895	8	24	1.34	33	20	20	10	11	338.7	283.9	83.82
8	"825"	25	382468	4630531	41.81794097	1.584882019	634.500183	NA	39	1.19	25	13	13	5	7	333.7	249.9	74.89
8	"826"	26	382475	4630530	41.81794097	1.584955025	633.271484	NA	20	0.79	17	8	8	6	8	308.7	320.9	103.95
8	"827"	27	382482	4630525	41.81789503	1.585045969	634.627014	NA	26	0.87	12	6	5	3	6	276.2	275.5	99.75
8	"828"	28	382491	4630521	41.81785597	1.585159041	636.38678	NA	28	1.11	30	15	11	5	4	256.2	219.8	85.79
8	"829"	29	382494	4630521	41.81786302	1.585192988	635.961914	NA	38	1.12	27	14	8	2	2	243.7	241.8	99.22
8	"830"	30	382495	4630541	41.81804004	1.58520204	631.527588	10	30	1.54	45	22	25	16	14	236.2	105.29	44.58
9	"901"	1	381660	4640788	41.91017602	1.573098991	653.688721	NA	22	0.92	8	15	20	10	12	213.7	51.09	23.91
9	"902"	2	381667	4640773	41.91004702	1.57317996	718.148071	NA	18	1.06	34	16	24	7	10	196.2	92.66	47.23
9	"903"	3	381669	4640773	41.91004601	1.573208962	719.992432	NA	33	1.32	39	4	20	19	8	243.7	188.68	77.42
9	"904"	4	381669	4640759	41.90991601	1.573211979	720.010925	15	43	1.77	52	29	25	12	12	266.2	106.3	39.93
9	"905"	5	381664	4640760	41.90992598	1.573156994	720.822144	NA	14	0.82	20	15	13	9	6	301.2	104.31	34.63
9	"906"	6	381658	4640762	41.90994501	1.573079964	720.053223	NA	21	1.16	33	21	15	4	9	306.2	209	68.26
9	"907"	7	381649	4640764	41.909958	1.572973011	720.452209	NA	32	0.91	25	11	9	11	8	346.2	240	69.32
9	"908"	8	381682	4640690	41.90930103	1.573377019	724.199036	13	31	1.6	33	17	27	11	10	456.2	316.9	69.47
9	"909"	9	381711	4640700	41.90939901	1.573736016	723.449524	12	39	1.6	42	23	30	14	16	501.2	443.5	88.49
9	"910"	10	381709	4640700	41.90939097	1.573709026	722.764221	19	38	1.98	50	27	28	10	18	523.7	455.5	86.98
9	"911"	11	381663	4640750	41.90983504	1.573144002	722.087769	NA	16	0.85	29	15	20	16	7	313.7	60.23	19.2
9	"912"	12	381643	4640751	41.909842	1.572897993	722.568726	NA	14	0.79	10	10	8	7	18	363.7	155.8	42.84
9	"913"	13	381639	4640731	41.90966296	1.572861029	723.189636	NA	21	0.89	23	16	16	9	7	423.7	222.7	52.56
9	"914"	14	381604	4640794	41.91022396	1.572420979	704.55603	14	42	1.69	36	29	15	14	16	468.7	376.1	80.24
9	"915"	15	381608	4640796	41.91024601	1.572474958	719.289612	NA	28	1.16	32	20	24	10	11	443.7	147.66	33.28
9	"916"	16	381611	4640785	41.91014199	1.572513012	718.858887	15	35	1.66	41	32	24	5	6	436.2	216.8	49.7
9	"917"	17	381610	4640768	41.90999103	1.572494991	722.182922	NA	22	0.9	26	12	10	8	9	418.7	228	54.45
9	"918"	18	381586	4640687	41.90925803	1.572227022	723.826416	10	31	1.52	32	21	24	18	17	338.7	89.44	26.41
9	"919"	19	381603	4640672	41.909124	1.572440006	726.270569	NA	11	0.75	24	13	8	4	16	303.7	97.19	32
9	"920"	20	381568	4640660	41.90901697	1.572015965	722.053467	10	50	1.73	36	25	26	15	16	271.2	232.1	85.58
